Jeevika 8825986968 15 15 5 2022
Neha 9489620033 20 15 5 2022
Sanjana 9842924637 15 16 5 2022
Bharathi 9842724637 20 16 5 2022
Jeevika 8825986968 4 16 5 2022
Kannan 9824924638 5 16 5 2022
Usha 9965440238 6 17 5 2022
Jeevika 8825986968 3 17 5 2022
Neha 9489620033 26 17 5 2022
Sanjana 9842924637 4 18 5 2022
Bharathi 9842724637 15 19 5 2022
Usha 9965440238 8 19 5 2022
Neha 9489620033 14 19 5 2022
Kannan 9842924638 7 20 5 2022
Jeevika 8825986968 8 20 5 2022
Harini 7598723389 12 21 5 2022
Sanjana 9842924637 16 21 5 2022
Harini 7598723389 5 21 5 2022
Sanjana 9842924637 4 22 5 2022
Jeevika 8825986968 5 22 5 2022
Bharathi 9842724637 7 22 5 2022
Usha 9965440238 5 23 5 2022
Neha 9489620033 5 23 5 2022
Kannan 9842924638 1 24 5 2022
Neha 9489620033 8 24 5 2022
Bharathi 9842724637 6 24 5 2022
Usha 9965440238 12 25 5 2022
Harini 7598723389 5 25 5 2022
Jeevika 8825986968 9 25 5 2022
Usha 9965440238 17 26 5 2022
Kannan 9842924638 3 26 5 2022
Sanjana 9842924637 7 26 5 2022
Bharathi 9842724637 2 27 5 2022
Neha 9489620033 4 27 5 2022
Jeevika 8825986968 5 27 5 2022
Kannan 9824924638 16 28 5 2022
Kannan 9842924638 9 28 5 2022
Jeevika 8825986968 2 28 5 2022
Usha 9965440238 9 29 5 2022
Harini 7598723389 7 29 5 2022
Sanjana 9842924637 16 30 5 2022
Bharathi 9842724637 20 30 5 2022
Jeevika 8825986968 3 31 5 2022
Neha 9489620033 3 31 5 2022
Kannan 9842924638 30 31 5 2022
Jeevika 8825986968 18 1 6 2022
Usha 9965440238 9 1 6 2022
Harini 7598723389 7 1 6 2022
Bharathi 9842724637 8 2 6 2022
Sanjana 9842924637 21 2 6 2022
Bharathi 9842724637 14 3 6 2022
Jeevika 8825986968 17 3 6 2022
Harini 7598723389 20 3 6 2022
Neha 9489620033 4 4 6 2022
Kannan 9842924638 8 4 6 2022
Usha 9965440238 18 4 6 2022
Neha 9489620033 38 5 6 2022
Bharathi 9842724637 31 5 6 2022
Jeevika 8825986968 57 6 6 2022
Kannan 9842924638 45 6 6 2022
Neha 9489620033 7 8 6 2022
Harini 7598723389 27 8 6 2022
Usha 9965440238 4 9 6 2022
